202
0.0 0.0 0.5
0.200000 0.000000 0.5
0.199605 0.012558 0.5
0.198423 0.025067 0.5
0.196457 0.037476 0.5
0.193717 0.049738 0.5
0.190211 0.061803 0.5
0.185955 0.073625 0.5
0.180965 0.085156 0.5
0.175261 0.096351 0.5
0.168866 0.107165 0.5
0.161803 0.117557 0.5
0.154103 0.127485 0.5
0.145794 0.136909 0.5
0.136909 0.145794 0.5
0.127485 0.154103 0.5
0.117557 0.161803 0.5
0.107165 0.168866 0.5
0.096351 0.175261 0.5
0.085156 0.180965 0.5
0.073625 0.185955 0.5
0.061803 0.190211 0.5
0.049738 0.193717 0.5
0.037476 0.196457 0.5
0.025067 0.198423 0.5
0.012558 0.199605 0.5
0.000000 0.200000 0.5
-0.012558 0.199605 0.5
-0.025067 0.198423 0.5
-0.037476 0.196457 0.5
-0.049738 0.193717 0.5
-0.061803 0.190211 0.5
-0.073625 0.185955 0.5
-0.085156 0.180965 0.5
-0.096351 0.175261 0.5
-0.107165 0.168866 0.5
-0.117557 0.161803 0.5
-0.127485 0.154103 0.5
-0.136909 0.145794 0.5
-0.145794 0.136909 0.5
-0.154103 0.127485 0.5
-0.161803 0.117557 0.5
-0.168866 0.107165 0.5
-0.175261 0.096351 0.5
-0.180965 0.085156 0.5
-0.185955 0.073625 0.5
-0.190211 0.061803 0.5
-0.193717 0.049738 0.5
-0.196457 0.037476 0.5
-0.198423 0.025067 0.5
-0.199605 0.012558 0.5
-0.200000 0.000000 0.5
-0.199605 -0.012558 0.5
-0.198423 -0.025067 0.5
-0.196457 -0.037476 0.5
-0.193717 -0.049738 0.5
-0.190211 -0.061803 0.5
-0.185955 -0.073625 0.5
-0.180965 -0.085156 0.5
-0.175261 -0.096351 0.5
-0.168866 -0.107165 0.5
-0.161803 -0.117557 0.5
-0.154103 -0.127485 0.5
-0.145794 -0.136909 0.5
-0.136909 -0.145794 0.5
-0.127485 -0.154103 0.5
-0.117557 -0.161803 0.5
-0.107165 -0.168866 0.5
-0.096351 -0.175261 0.5
-0.085156 -0.180965 0.5
-0.073625 -0.185955 0.5
-0.061803 -0.190211 0.5
-0.049738 -0.193717 0.5
-0.037476 -0.196457 0.5
-0.025067 -0.198423 0.5
-0.012558 -0.199605 0.5
-0.000000 -0.200000 0.5
0.012558 -0.199605 0.5
0.025067 -0.198423 0.5
0.037476 -0.196457 0.5
0.049738 -0.193717 0.5
0.061803 -0.190211 0.5
0.073625 -0.185955 0.5
0.085156 -0.180965 0.5
0.096351 -0.175261 0.5
0.107165 -0.168866 0.5
0.117557 -0.161803 0.5
0.127485 -0.154103 0.5
0.136909 -0.145794 0.5
0.145794 -0.136909 0.5
0.154103 -0.127485 0.5
0.161803 -0.117557 0.5
0.168866 -0.107165 0.5
0.175261 -0.096351 0.5
0.180965 -0.085156 0.5
0.185955 -0.073625 0.5
0.190211 -0.061803 0.5
0.193717 -0.049738 0.5
0.196457 -0.037476 0.5
0.198423 -0.025067 0.5
0.199605 -0.012558 0.5
0.0 0.0 -0.5
0.200000 0.000000 -0.5
0.199605 0.012558 -0.5
0.198423 0.025067 -0.5
0.196457 0.037476 -0.5
0.193717 0.049738 -0.5
0.190211 0.061803 -0.5
0.185955 0.073625 -0.5
0.180965 0.085156 -0.5
0.175261 0.096351 -0.5
0.168866 0.107165 -0.5
0.161803 0.117557 -0.5
0.154103 0.127485 -0.5
0.145794 0.136909 -0.5
0.136909 0.145794 -0.5
0.127485 0.154103 -0.5
0.117557 0.161803 -0.5
0.107165 0.168866 -0.5
0.096351 0.175261 -0.5
0.085156 0.180965 -0.5
0.073625 0.185955 -0.5
0.061803 0.190211 -0.5
0.049738 0.193717 -0.5
0.037476 0.196457 -0.5
0.025067 0.198423 -0.5
0.012558 0.199605 -0.5
0.000000 0.200000 -0.5
-0.012558 0.199605 -0.5
-0.025067 0.198423 -0.5
-0.037476 0.196457 -0.5
-0.049738 0.193717 -0.5
-0.061803 0.190211 -0.5
-0.073625 0.185955 -0.5
-0.085156 0.180965 -0.5
-0.096351 0.175261 -0.5
-0.107165 0.168866 -0.5
-0.117557 0.161803 -0.5
-0.127485 0.154103 -0.5
-0.136909 0.145794 -0.5
-0.145794 0.136909 -0.5
-0.154103 0.127485 -0.5
-0.161803 0.117557 -0.5
-0.168866 0.107165 -0.5
-0.175261 0.096351 -0.5
-0.180965 0.085156 -0.5
-0.185955 0.073625 -0.5
-0.190211 0.061803 -0.5
-0.193717 0.049738 -0.5
-0.196457 0.037476 -0.5
-0.198423 0.025067 -0.5
-0.199605 0.012558 -0.5
-0.200000 0.000000 -0.5
-0.199605 -0.012558 -0.5
-0.198423 -0.025067 -0.5
-0.196457 -0.037476 -0.5
-0.193717 -0.049738 -0.5
-0.190211 -0.061803 -0.5
-0.185955 -0.073625 -0.5
-0.180965 -0.085156 -0.5
-0.175261 -0.096351 -0.5
-0.168866 -0.107165 -0.5
-0.161803 -0.117557 -0.5
-0.154103 -0.127485 -0.5
-0.145794 -0.136909 -0.5
-0.136909 -0.145794 -0.5
-0.127485 -0.154103 -0.5
-0.117557 -0.161803 -0.5
-0.107165 -0.168866 -0.5
-0.096351 -0.175261 -0.5
-0.085156 -0.180965 -0.5
-0.073625 -0.185955 -0.5
-0.061803 -0.190211 -0.5
-0.049738 -0.193717 -0.5
-0.037476 -0.196457 -0.5
-0.025067 -0.198423 -0.5
-0.012558 -0.199605 -0.5
-0.000000 -0.200000 -0.5
0.012558 -0.199605 -0.5
0.025067 -0.198423 -0.5
0.037476 -0.196457 -0.5
0.049738 -0.193717 -0.5
0.061803 -0.190211 -0.5
0.073625 -0.185955 -0.5
0.085156 -0.180965 -0.5
0.096351 -0.175261 -0.5
0.107165 -0.168866 -0.5
0.117557 -0.161803 -0.5
0.127485 -0.154103 -0.5
0.136909 -0.145794 -0.5
0.145794 -0.136909 -0.5
0.154103 -0.127485 -0.5
0.161803 -0.117557 -0.5
0.168866 -0.107165 -0.5
0.175261 -0.096351 -0.5
0.180965 -0.085156 -0.5
0.185955 -0.073625 -0.5
0.190211 -0.061803 -0.5
0.193717 -0.049738 -0.5
0.196457 -0.037476 -0.5
0.198423 -0.025067 -0.5
0.199605 -0.012558 -0.5
402
0 0 0 1
1 0 0 1
2 0 0 1
3 0 0 1
4 0 0 1
5 0 0 1
6 0 0 1
7 0 0 1
8 0 0 1
9 0 0 1
10 0 0 1
11 0 0 1
12 0 0 1
13 0 0 1
14 0 0 1
15 0 0 1
16 0 0 1
17 0 0 1
18 0 0 1
19 0 0 1
20 0 0 1
21 0 0 1
22 0 0 1
23 0 0 1
24 0 0 1
25 0 0 1
26 0 0 1
27 0 0 1
28 0 0 1
29 0 0 1
30 0 0 1
31 0 0 1
32 0 0 1
33 0 0 1
34 0 0 1
35 0 0 1
36 0 0 1
37 0 0 1
38 0 0 1
39 0 0 1
40 0 0 1
41 0 0 1
42 0 0 1
43 0 0 1
44 0 0 1
45 0 0 1
46 0 0 1
47 0 0 1
48 0 0 1
49 0 0 1
50 0 0 1
51 0 0 1
52 0 0 1
53 0 0 1
54 0 0 1
55 0 0 1
56 0 0 1
57 0 0 1
58 0 0 1
59 0 0 1
60 0 0 1
61 0 0 1
62 0 0 1
63 0 0 1
64 0 0 1
65 0 0 1
66 0 0 1
67 0 0 1
68 0 0 1
69 0 0 1
70 0 0 1
71 0 0 1
72 0 0 1
73 0 0 1
74 0 0 1
75 0 0 1
76 0 0 1
77 0 0 1
78 0 0 1
79 0 0 1
80 0 0 1
81 0 0 1
82 0 0 1
83 0 0 1
84 0 0 1
85 0 0 1
86 0 0 1
87 0 0 1
88 0 0 1
89 0 0 1
90 0 0 1
91 0 0 1
92 0 0 1
93 0 0 1
94 0 0 1
95 0 0 1
96 0 0 1
97 0 0 1
98 0 0 1
99 0 0 1
100 0 0 1
101 0 0 -1
102 0 0 -1
103 0 0 -1
104 0 0 -1
105 0 0 -1
106 0 0 -1
107 0 0 -1
108 0 0 -1
109 0 0 -1
110 0 0 -1
111 0 0 -1
112 0 0 -1
113 0 0 -1
114 0 0 -1
115 0 0 -1
116 0 0 -1
117 0 0 -1
118 0 0 -1
119 0 0 -1
120 0 0 -1
121 0 0 -1
122 0 0 -1
123 0 0 -1
124 0 0 -1
125 0 0 -1
126 0 0 -1
127 0 0 -1
128 0 0 -1
129 0 0 -1
130 0 0 -1
131 0 0 -1
132 0 0 -1
133 0 0 -1
134 0 0 -1
135 0 0 -1
136 0 0 -1
137 0 0 -1
138 0 0 -1
139 0 0 -1
140 0 0 -1
141 0 0 -1
142 0 0 -1
143 0 0 -1
144 0 0 -1
145 0 0 -1
146 0 0 -1
147 0 0 -1
148 0 0 -1
149 0 0 -1
150 0 0 -1
151 0 0 -1
152 0 0 -1
153 0 0 -1
154 0 0 -1
155 0 0 -1
156 0 0 -1
157 0 0 -1
158 0 0 -1
159 0 0 -1
160 0 0 -1
161 0 0 -1
162 0 0 -1
163 0 0 -1
164 0 0 -1
165 0 0 -1
166 0 0 -1
167 0 0 -1
168 0 0 -1
169 0 0 -1
170 0 0 -1
171 0 0 -1
172 0 0 -1
173 0 0 -1
174 0 0 -1
175 0 0 -1
176 0 0 -1
177 0 0 -1
178 0 0 -1
179 0 0 -1
180 0 0 -1
181 0 0 -1
182 0 0 -1
183 0 0 -1
184 0 0 -1
185 0 0 -1
186 0 0 -1
187 0 0 -1
188 0 0 -1
189 0 0 -1
190 0 0 -1
191 0 0 -1
192 0 0 -1
193 0 0 -1
194 0 0 -1
195 0 0 -1
196 0 0 -1
197 0 0 -1
198 0 0 -1
199 0 0 -1
200 0 0 -1
201 0 0 -1
1 1.000000 0.000000 0
2 0.998027 0.062791 0
3 0.992115 0.125333 0
4 0.982287 0.187381 0
5 0.968583 0.248690 0
6 0.951057 0.309017 0
7 0.929776 0.368125 0
8 0.904827 0.425779 0
9 0.876307 0.481754 0
10 0.844328 0.535827 0
11 0.809017 0.587785 0
12 0.770513 0.637424 0
13 0.728969 0.684547 0
14 0.684547 0.728969 0
15 0.637424 0.770513 0
16 0.587785 0.809017 0
17 0.535827 0.844328 0
18 0.481754 0.876307 0
19 0.425779 0.904827 0
20 0.368125 0.929776 0
21 0.309017 0.951057 0
22 0.248690 0.968583 0
23 0.187381 0.982287 0
24 0.125333 0.992115 0
25 0.062791 0.998027 0
26 0.000000 1.000000 0
27 -0.062790 0.998027 0
28 -0.125333 0.992115 0
29 -0.187381 0.982287 0
30 -0.248690 0.968583 0
31 -0.309017 0.951056 0
32 -0.368125 0.929776 0
33 -0.425779 0.904827 0
34 -0.481754 0.876307 0
35 -0.535827 0.844328 0
36 -0.587785 0.809017 0
37 -0.637424 0.770513 0
38 -0.684547 0.728969 0
39 -0.728969 0.684547 0
40 -0.770513 0.637424 0
41 -0.809017 0.587785 0
42 -0.844328 0.535827 0
43 -0.876307 0.481754 0
44 -0.904827 0.425779 0
45 -0.929776 0.368125 0
46 -0.951056 0.309017 0
47 -0.968583 0.248690 0
48 -0.982287 0.187381 0
49 -0.992115 0.125333 0
50 -0.998027 0.062790 0
51 -1.000000 0.000000 0
52 -0.998027 -0.062790 0
53 -0.992115 -0.125333 0
54 -0.982287 -0.187381 0
55 -0.968583 -0.248690 0
56 -0.951056 -0.309017 0
57 -0.929776 -0.368125 0
58 -0.904827 -0.425779 0
59 -0.876307 -0.481754 0
60 -0.844328 -0.535827 0
61 -0.809017 -0.587785 0
62 -0.770513 -0.637424 0
63 -0.728969 -0.684547 0
64 -0.684547 -0.728969 0
65 -0.637424 -0.770513 0
66 -0.587785 -0.809017 0
67 -0.535827 -0.844328 0
68 -0.481754 -0.876307 0
69 -0.425779 -0.904827 0
70 -0.368125 -0.929776 0
71 -0.309017 -0.951056 0
72 -0.248690 -0.968583 0
73 -0.187381 -0.982287 0
74 -0.125333 -0.992115 0
75 -0.062790 -0.998027 0
76 -0.000000 -1.000000 0
77 0.062790 -0.998027 0
78 0.125333 -0.992115 0
79 0.187381 -0.982287 0
80 0.248690 -0.968583 0
81 0.309017 -0.951056 0
82 0.368125 -0.929776 0
83 0.425779 -0.904827 0
84 0.481754 -0.876307 0
85 0.535827 -0.844328 0
86 0.587785 -0.809017 0
87 0.637424 -0.770513 0
88 0.684547 -0.728969 0
89 0.728969 -0.684547 0
90 0.770513 -0.637424 0
91 0.809017 -0.587785 0
92 0.844328 -0.535827 0
93 0.876307 -0.481754 0
94 0.904827 -0.425779 0
95 0.929776 -0.368125 0
96 0.951056 -0.309017 0
97 0.968583 -0.248690 0
98 0.982287 -0.187381 0
99 0.992115 -0.125333 0
100 0.998027 -0.062790 0
102 0.998027 -0.062791 0
103 1.000000 0.000000 0
104 0.998027 0.062791 0
105 0.992115 0.125333 0
106 0.982287 0.187381 0
107 0.968583 0.248690 0
108 0.951057 0.309017 0
109 0.929776 0.368125 0
110 0.904827 0.425779 0
111 0.876307 0.481754 0
112 0.844328 0.535827 0
113 0.809017 0.587785 0
114 0.770513 0.637424 0
115 0.728969 0.684547 0
116 0.684547 0.728969 0
117 0.637424 0.770513 0
118 0.587785 0.809017 0
119 0.535827 0.844328 0
120 0.481754 0.876307 0
121 0.425779 0.904827 0
122 0.368125 0.929776 0
123 0.309017 0.951057 0
124 0.248690 0.968583 0
125 0.187381 0.982287 0
126 0.125333 0.992115 0
127 0.062791 0.998027 0
128 0.000000 1.000000 0
129 -0.062790 0.998027 0
130 -0.125333 0.992115 0
131 -0.187381 0.982287 0
132 -0.248690 0.968583 0
133 -0.309017 0.951056 0
134 -0.368125 0.929776 0
135 -0.425779 0.904827 0
136 -0.481754 0.876307 0
137 -0.535827 0.844328 0
138 -0.587785 0.809017 0
139 -0.637424 0.770513 0
140 -0.684547 0.728969 0
141 -0.728969 0.684547 0
142 -0.770513 0.637424 0
143 -0.809017 0.587785 0
144 -0.844328 0.535827 0
145 -0.876307 0.481754 0
146 -0.904827 0.425779 0
147 -0.929776 0.368125 0
148 -0.951056 0.309017 0
149 -0.968583 0.248690 0
150 -0.982287 0.187381 0
151 -0.992115 0.125333 0
152 -0.998027 0.062790 0
153 -1.000000 0.000000 0
154 -0.998027 -0.062790 0
155 -0.992115 -0.125333 0
156 -0.982287 -0.187381 0
157 -0.968583 -0.248690 0
158 -0.951056 -0.309017 0
159 -0.929776 -0.368125 0
160 -0.904827 -0.425779 0
161 -0.876307 -0.481754 0
162 -0.844328 -0.535827 0
163 -0.809017 -0.587785 0
164 -0.770513 -0.637424 0
165 -0.728969 -0.684547 0
166 -0.684547 -0.728969 0
167 -0.637424 -0.770513 0
168 -0.587785 -0.809017 0
169 -0.535827 -0.844328 0
170 -0.481754 -0.876307 0
171 -0.425779 -0.904827 0
172 -0.368125 -0.929776 0
173 -0.309017 -0.951056 0
174 -0.248690 -0.968583 0
175 -0.187381 -0.982287 0
176 -0.125333 -0.992115 0
177 -0.062790 -0.998027 0
178 -0.000000 -1.000000 0
179 0.062790 -0.998027 0
180 0.125333 -0.992115 0
181 0.187381 -0.982287 0
182 0.248690 -0.968583 0
183 0.309017 -0.951056 0
184 0.368125 -0.929776 0
185 0.425779 -0.904827 0
186 0.481754 -0.876307 0
187 0.535827 -0.844328 0
188 0.587785 -0.809017 0
189 0.637424 -0.770513 0
190 0.684547 -0.728969 0
191 0.728969 -0.684547 0
192 0.770513 -0.637424 0
193 0.809017 -0.587785 0
194 0.844328 -0.535827 0
195 0.876307 -0.481754 0
196 0.904827 -0.425779 0
197 0.929776 -0.368125 0
198 0.951056 -0.309017 0
199 0.968583 -0.248690 0
200 0.982287 -0.187381 0
201 0.992115 -0.125333 0
402
1 2 0
2 3 0
3 4 0
4 5 0
5 6 0
6 7 0
7 8 0
8 9 0
9 10 0
10 11 0
11 12 0
12 13 0
13 14 0
14 15 0
15 16 0
16 17 0
17 18 0
18 19 0
19 20 0
20 21 0
21 22 0
22 23 0
23 24 0
24 25 0
25 26 0
26 27 0
27 28 0
28 29 0
29 30 0
30 31 0
31 32 0
32 33 0
33 34 0
34 35 0
35 36 0
36 37 0
37 38 0
38 39 0
39 40 0
40 41 0
41 42 0
42 43 0
43 44 0
44 45 0
45 46 0
46 47 0
47 48 0
48 49 0
49 50 0
50 51 0
51 52 0
52 53 0
53 54 0
54 55 0
55 56 0
56 57 0
57 58 0
58 59 0
59 60 0
60 61 0
61 62 0
62 63 0
63 64 0
64 65 0
65 66 0
66 67 0
67 68 0
68 69 0
69 70 0
70 71 0
71 72 0
72 73 0
73 74 0
74 75 0
75 76 0
76 77 0
77 78 0
78 79 0
79 80 0
80 81 0
81 82 0
82 83 0
83 84 0
84 85 0
85 86 0
86 87 0
87 88 0
88 89 0
89 90 0
90 91 0
91 92 0
92 93 0
93 94 0
94 95 0
95 96 0
96 97 0
97 98 0
98 99 0
99 100 0
100 1 0
104 103 102
105 104 102
106 105 102
107 106 102
108 107 102
109 108 102
110 109 102
111 110 102
112 111 102
113 112 102
114 113 102
115 114 102
116 115 102
117 116 102
118 117 102
119 118 102
120 119 102
121 120 102
122 121 102
123 122 102
124 123 102
125 124 102
126 125 102
127 126 102
128 127 102
129 128 102
130 129 102
131 130 102
132 131 102
133 132 102
134 133 102
135 134 102
136 135 102
137 136 102
138 137 102
139 138 102
140 139 102
141 140 102
142 141 102
143 142 102
144 143 102
145 144 102
146 145 102
147 146 102
148 147 102
149 148 102
150 149 102
151 150 102
152 151 102
153 152 102
154 153 102
155 154 102
156 155 102
157 156 102
158 157 102
159 158 102
160 159 102
161 160 102
162 161 102
163 162 102
164 163 102
165 164 102
166 165 102
167 166 102
168 167 102
169 168 102
170 169 102
171 170 102
172 171 102
173 172 102
174 173 102
175 174 102
176 175 102
177 176 102
178 177 102
179 178 102
180 179 102
181 180 102
182 181 102
183 182 102
184 183 102
185 184 102
186 185 102
187 186 102
188 187 102
189 188 102
190 189 102
191 190 102
192 191 102
193 192 102
194 193 102
195 194 102
196 195 102
197 196 102
198 197 102
199 198 102
200 199 102
201 200 102
202 201 102
103 201 102
203 202 302
204 203 303
205 204 304
206 205 305
207 206 306
208 207 307
209 208 308
210 209 309
211 210 310
212 211 311
213 212 312
214 213 313
215 214 314
216 215 315
217 216 316
218 217 317
219 218 318
220 219 319
221 220 320
222 221 321
223 222 322
224 223 323
225 224 324
226 225 325
227 226 326
228 227 327
229 228 328
230 229 329
231 230 330
232 231 331
233 232 332
234 233 333
235 234 334
236 235 335
237 236 336
238 237 337
239 238 338
240 239 339
241 240 340
242 241 341
243 242 342
244 243 343
245 244 344
246 245 345
247 246 346
248 247 347
249 248 348
250 249 349
251 250 350
252 251 351
253 252 352
254 253 353
255 254 354
256 255 355
257 256 356
258 257 357
259 258 358
260 259 359
261 260 360
262 261 361
263 262 362
264 263 363
265 264 364
266 265 365
267 266 366
268 267 367
269 268 368
270 269 369
271 270 370
272 271 371
273 272 372
274 273 373
275 274 374
276 275 375
277 276 376
278 277 377
279 278 378
280 279 379
281 280 380
282 281 381
283 282 382
284 283 383
285 284 384
286 285 385
287 286 386
288 287 387
289 288 388
290 289 389
291 290 390
292 291 391
293 292 392
294 293 393
295 294 394
296 295 395
297 296 396
298 297 397
299 298 398
300 299 399
301 300 400
302 301 401
302 303 203
303 304 204
304 305 205
305 306 206
306 307 207
307 308 208
308 309 209
309 310 210
310 311 211
311 312 212
312 313 213
313 314 214
314 315 215
315 316 216
316 317 217
317 318 218
318 319 219
319 320 220
320 321 221
321 322 222
322 323 223
323 324 224
324 325 225
325 326 226
326 327 227
327 328 228
328 329 229
329 330 230
330 331 231
331 332 232
332 333 233
333 334 234
334 335 235
335 336 236
336 337 237
337 338 238
338 339 239
339 340 240
340 341 241
341 342 242
342 343 243
343 344 244
344 345 245
345 346 246
346 347 247
347 348 248
348 349 249
349 350 250
350 351 251
351 352 252
352 353 253
353 354 254
354 355 255
355 356 256
356 357 257
357 358 258
358 359 259
359 360 260
360 361 261
361 362 262
362 363 263
363 364 264
364 365 265
365 366 266
366 367 267
367 368 268
368 369 269
369 370 270
370 371 271
371 372 272
372 373 273
373 374 274
374 375 275
375 376 276
376 377 277
377 378 278
378 379 279
379 380 280
380 381 281
381 382 282
382 383 283
383 384 284
384 385 285
385 386 286
386 387 287
387 388 288
388 389 289
389 390 290
390 391 291
391 392 292
392 393 293
393 394 294
394 395 295
395 396 296
396 397 297
397 398 298
398 399 299
399 400 300
400 401 301
401 402 302
401 302 202
202 301 401
